7.83
8.47
7.08
8.06
6.05
8.03
7.04
5.87
5.99
7.09
6.24
7.35
6.18
5.04
5.04
7.14
6.41
8.01
6.79
8.13
7.86
7.37
7.9
8.22
7.21
8.24
7.29
7.87
8.14
7.33
8.04
3.95
5.13
6.92
5.18
3.87
6.77
6.62
6.15
5.97
6.62
8.08
8.05
7.03
5.04
1.01
1.0
9.0
7.18
1.0
7.0
9.0
9.0
9.0
9.0
6.14
7.41
8.08
6.99
9.0
1.0
5.0
7.82
9.0
9.0
9.0
5.05
7.04
9.0
7.13
9.0
1.0
1.0
1.0
1.0
1.0
1.0
1.0
1.0
6.53
4.45
6.23
6.81
4.19
7.17
7.32
5.79
6.35
7.78
5.23
7.1
6.29
6.99
7.29
5.88
7.54
5.41
6.32
7.97
5.23
6.55
6.21
5.92
6.78
6.87
6.94
6.22
6.59
7.14
6.12
5.0
6.55
4.99
5.33
3.15
3.86
5.26
5.49
4.62
5.29
8.14
4.05
8.12
3.94
4.88
5.09
2.1
5.85
5.04
4.04
7.01
5.08
5.17
6.21
6.97
3.03
7.03
2.87
6.21
9.0
2.26
3.92
5.99
7.19
6.08
5.04
7.08
8.06
8.13
7.05
1.94
2.1
1.95
1.92
3.37
2.33
1.0
1.99
2.01
3.0
