6.9
7.28
9.0
6.12
7.19
7.0
7.08
6.32
3.62
2.04
3.63
3.4
2.87
3.04
2.91
8.15
6.77
6.94
8.1
7.19
8.37
7.06
7.37
8.01
8.65
7.41
7.03
4.01
3.0
3.22
2.86
3.27
4.78
7.28
8.05
6.5
3.1
6.54
7.87
6.17
7.13
8.04
8.96
5.04
3.65
5.04
4.08
9.0
9.0
9.0
7.01
7.12
9.0
8.97
8.06
8.05
6.03
9.0
8.06
8.03
5.04
4.97
1.0
6.06
8.1
9.0
3.01
7.14
7.03
1.0
1.0
2.01
3.01
6.99
1.0
7.09
1.0
1.0
2.97
6.94
4.97
5.22
5.91
5.0
5.56
4.38
5.04
5.74
5.99
5.71
4.23
3.12
3.68
4.4
3.81
4.03
4.1
5.04
5.47
4.32
4.54
4.13
3.03
1.91
2.9
2.64
4.46
2.65
3.08
2.72
4.63
5.91
5.5
5.85
5.65
4.54
5.46
5.65
5.68
5.67
8.22
1.99
5.85
4.19
4.15
4.04
2.92
7.14
5.06
4.12
6.08
5.04
5.05
5.23
3.28
1.08
6.04
4.72
5.92
6.08
3.73
4.97
1.0
2.04
5.01
3.96
4.92
3.03
1.95
3.06
1.0
1.09
3.67
3.46
1.06
1.99
1.0
1.78
1.82
1.88
