7.6
7.31
7.54
6.01
3.92
3.92
3.73
2.55
3.29
4.86
2.36
2.77
3.12
2.24
8.08
7.44
6.91
7.15
8.0
7.91
7.95
2.08
3.01
7.09
7.21
7.27
6.95
3.35
2.27
2.99
8.14
8.0
3.85
7.09
8.15
6.92
6.88
7.18
6.18
7.12
5.03
7.1
9.0
1.0
3.0
4.94
1.99
9.0
7.0
1.0
1.0
6.06
4.99
9.0
8.01
5.05
3.0
6.15
8.32
9.0
1.0
1.0
2.97
9.0
9.0
8.04
5.01
4.97
7.04
7.05
7.05
9.0
8.03
1.0
2.0
1.0
8.06
9.0
1.0
6.67
4.67
4.44
2.81
3.69
4.44
1.97
3.01
4.33
3.23
5.49
3.12
3.15
2.97
3.86
2.92
4.37
1.78
2.13
3.17
3.13
6.44
1.0
2.5
2.27
1.41
1.18
3.29
2.51
3.85
3.09
4.06
4.49
3.83
8.12
5.04
5.5
6.05
5.68
6.21
4.33
5.03
3.31
8.1
3.92
5.04
2.95
1.99
5.05
3.96
3.99
7.08
5.04
4.88
6.97
7.05
2.95
5.95
2.85
6.22
8.05
2.06
2.78
2.04
5.13
6.04
4.09
6.13
6.96
4.88
3.08
2.23
6.15
1.97
2.18
2.88
2.76
1.0
1.85
2.96
2.91
