7.71
8.1
8.58
4.94
6.96
8.27
7.44
7.32
4.04
1.99
2.99
2.71
1.95
4.18
3.17
6.81
2.46
7.23
7.17
8.26
9.0
7.09
8.15
7.04
8.86
7.28
7.35
3.88
1.36
2.08
3.03
2.28
3.81
2.28
2.06
2.9
2.31
3.33
3.24
5.1
9.0
8.01
9.0
6.05
5.04
5.0
4.96
9.0
9.0
4.99
7.08
8.01
9.0
8.94
9.0
6.0
9.0
9.0
9.0
8.97
1.0
5.0
1.0
7.08
9.0
9.0
4.96
4.06
2.99
2.01
4.06
1.0
5.0
4.87
1.99
5.04
1.0
1.0
1.0
6.05
5.33
7.21
7.55
4.69
6.92
6.79
5.45
7.14
7.33
4.45
7.94
6.36
7.91
7.29
7.36
7.15
4.56
7.1
8.14
6.26
4.99
4.94
3.65
3.31
3.45
4.67
6.72
5.59
4.47
3.87
4.44
5.17
4.05
4.72
3.18
5.01
4.92
4.53
4.33
5.38
6.68
4.06
8.95
6.1
4.06
5.01
2.94
5.97
6.05
3.15
7.24
5.04
4.12
6.96
6.96
2.51
7.01
4.9
7.09
8.17
1.77
1.86
1.86
2.71
7.0
6.0
6.14
2.17
1.85
3.1
2.01
1.01
1.0
2.17
2.03
2.72
1.0
1.79
1.92
1.86
